[cosmological_parameters]
omch2         = 0.08 0.12 0.16
ombh2         = 0.01 0.02233 0.03
log1e10As     = 2.9 3.0448  3.2
n_s           = 0.86 0.96 1.06
cosmomc_theta = 0.9  1.04  1.20
omega_k       = 0.0
mnu           = 0.06
nnu           = 3.046
yhe           = 0.245341
tau           = 0.03 0.0543 0.08
num_massive_neutrinos = 3

[nuisance_parameters]
Kappa = -0.01 0.0 0.01
Tcal90 = 0.9 1.0 1.1
Tcal150 = 0.9 1.0 1.1
Tcal220 = 0.9 1.0 1.1
Ecal90 = 0.9 1.0 1.1
Ecal150 = 0.9 1.0 1.1
Ecal220 = 0.9 1.0 1.1
EE_Poisson_90x90 = 0.0 0.040469 5.0
EE_Poisson_90x150 = 0.0 0.018048 5.0
EE_Poisson_90x220 = 0.0 0.015719 5.0
EE_Poisson_150x150 = 0.0 0.011495 5.0
EE_Poisson_150x220 = 0.0 0.018962 5.0
EE_Poisson_220x220 = 0.0 0.047557 5.0
EE_PolGalDust_Amp = 0.0 0.05 5.0
EE_PolGalDust_Alpha = -5.0 -2.42 -1.0
EE_PolGalDust_Beta = 0.5 1.51 2.5
TE_PolGalDust_Amp = 0.0 0.12 5.0
TE_PolGalDust_Alpha = -5.0 -2.42 -1.0
TE_PolGalDust_Beta = 0.5 1.51 2.5
TT_Poisson_90x90 = 0.0 52.8146 200.0
TT_Poisson_90x150 = 0.0 23.9268 200.0
TT_Poisson_90x220 = 0.0 21.5341 200.0
TT_Poisson_150x150 = 0.0 15.8306 200.0
TT_Poisson_150x220 = 0.0 26.9362 200.0
TT_Poisson_220x220 = 0.0 68.2457 200.0
TT_GalCirrus_Amp = 0.0 1.88 10.0
TT_GalCirrus_Alpha = -3.0 -2.53 -2.0
TT_GalCirrus_Beta = 0.0 1.48 2.0
TT_CIBClustering_Amp = 0.0 3.2263 20.0
TT_CIBClustering_Beta = 0.0 2.2952 5.0
TT_tSZ_Amp = 0.0 3.42 20.0
TT_tSZ_CIB_Corr_Amp = -1.0 0.1144 1.0
TT_kSZ_Amp = 0.0 3.0 20.0
