
[cosmological_parameters]
omch2         = 0.08 0.12 0.16
ombh2         = 0.01 0.02233 0.03
log1e10As     = 2.9 3.0448  3.2
n_s           = 0.86 0.96 1.06
cosmomc_theta = 0.9  1.04  1.20
omega_k       = 0.0
mnu           = 0.06
nnu           = 3.046
yhe           = 0.245341
tau           = 0.0543 
num_massive_neutrinos = 3

[nuisance_parameters]
Tcal       = 0.9 1.0 1.1
Pcal       = 0.9 1.0 1.1
Acib       = 0 1 2
Atsz       = 0 1 2
Arad       = 0 1 2
beam_eign1 = 
beam_eign2 = 
beam_eign3 = 
beam_eign4 = 
beam_eign5 = 
